106  3  0  0
0  -0  0.5  0
1  -0  0.4619397521018982  0.1913417130708694
2  -0.135299026966095  0.4619397521018982  0.135299026966095
3  -0.1913417130708694  0.4619397521018982  0
4  -0.135299026966095  0.4619397521018982  -0.135299026966095
5  -0  0.4619397521018982  -0.1913417130708694
6  0.135299026966095  0.4619397521018982  -0.135299026966095
7  0.1913417130708694  0.4619397521018982  0
8  0.135299026966095  0.4619397521018982  0.135299026966095
9  -0  0.3535533845424652  0.3535533845424652
10  -0.25  0.3535533845424652  0.25
11  -0.3535533845424652  0.3535533845424652  0
12  -0.25  0.3535533845424652  -0.25
13  -0  0.3535533845424652  -0.3535533845424652
14  0.25  0.3535533845424652  -0.25
15  0.3535533845424652  0.3535533845424652  0
16  0.25  0.3535533845424652  0.25
17  -0  0.1913417130708694  0.4619397521018982
18  -0.3266407549381256  0.1913417130708694  0.3266407549381256
19  -0.4619397521018982  0.1913417130708694  0
20  -0.3266407549381256  0.1913417130708694  -0.3266407549381256
21  -0  0.1913417130708694  -0.4619397521018982
22  0.3266407549381256  0.1913417130708694  -0.3266407549381256
23  0.4619397521018982  0.1913417130708694  0
24  0.3266407549381256  0.1913417130708694  0.3266407549381256
25  -0  0  0.5
26  -0.3535533845424652  0  0.3535533845424652
27  -0.5  0  0
28  -0.3535533845424652  0  -0.3535533845424652
29  -0  0  -0.5
30  0.3535533845424652  0  -0.3535533845424652
31  0.5  0  0
32  0.3535533845424652  0  0.3535533845424652
33  -0  -0.1913417130708694  0.4619397521018982
34  -0.3266407549381256  -0.1913417130708694  0.3266407549381256
35  -0.4619397521018982  -0.1913417130708694  0
36  -0.3266407549381256  -0.1913417130708694  -0.3266407549381256
37  -0  -0.1913417130708694  -0.4619397521018982
38  0.3266407549381256  -0.1913417130708694  -0.3266407549381256
39  0.4619397521018982  -0.1913417130708694  0
40  0.3266407549381256  -0.1913417130708694  0.3266407549381256
41  -0  -0.3535533845424652  0.3535533845424652
42  -0.25  -0.3535533845424652  0.25
43  -0.3535533845424652  -0.3535533845424652  0
44  -0.25  -0.3535533845424652  -0.25
45  -0  -0.3535533845424652  -0.3535533845424652
46  0.25  -0.3535533845424652  -0.25
47  0.3535533845424652  -0.3535533845424652  0
48  0.25  -0.3535533845424652  0.25
49  -0  -0.4619397521018982  0.1913417130708694
50  -0.135299026966095  -0.4619397521018982  0.135299026966095
51  -0.1913417130708694  -0.4619397521018982  0
52  -0.135299026966095  -0.4619397521018982  -0.135299026966095
53  -0  -0.4619397521018982  -0.1913417130708694
54  0.135299026966095  -0.4619397521018982  -0.135299026966095
55  0.1913417130708694  -0.4619397521018982  0
56  0.135299026966095  -0.4619397521018982  0.135299026966095
57  -0  -0.5  0
58  -0.1250058204411046  0.3535533845424652  0.3017742813657289
59  -0.3018192466667892  0.3535533845424652  0.1248972645951056
60  -0.301743245740912  0.3535533845424652  -0.1250807470718324
61  -0.1249508496084498  0.3535533845424652  -0.301797051028819
62  0.1250547860567467  0.3535533845424652  -0.3017539991448251
63  0.3018171419080162  0.3535533845424652  -0.1249023459325779
64  0.3017677374793619  0.3535533845424652  0.1250216187812458
65  0.1248766620813543  0.3535533845424652  0.3018277805069053
66  -0.1250749266307278  -0.3535533845424652  0.3017456566464157
67  -0.3018030974267488  -0.3535533845424652  0.1249362523117112
68  -0.3017459627931463  -0.3535533845424652  -0.1250741875270955
69  -0.124893753852852  -0.3535533845424652  -0.3018207008637597
70  0.1250350150345818  -0.3535533845424652  -0.3017621885698694
71  0.3017965152720404  -0.3535533845424652  -0.1249521430398064
72  0.3017425951791095  -0.3535533845424652  0.1250823176670512
73  0.1248928299733116  -0.3535533845424652  0.301821083547173
74  -0.3284241751164863  -0.2935301165936091  -0.1574923718430357
75  -0.3285175997226191  0.293458612492245  0.1573821699988722
76  0.3284397072470344  -0.2935182288149704  0.1574740504446264
77  -0.157559504728252  -0.2935736755436957  0.3283672626082839
78  0.3284871150186329  0.2934819444756926  -0.1574181291614218
79  0.1574905260305094  -0.2935289189442686  -0.3284257399206833
80  -0.1574158048049072  0.2934804363246712  -0.3284890855128069
81  0.1573963895916675  0.2934678388279049  0.3285055449347311
82  -0.1768228857199525  0.09564585682111393  0.4077324071224006
83  -0.4076998676008448  0.0955884126246047  0.1769290287546949
84  -0.4077007526758311  0.09558997510674976  -0.1769261416641499
85  -0.1768021665995708  0.09565706992827251  -0.4077387588370083
86  0.1768197438861241  0.09564755716933059  -0.4077333702922387
87  0.4077302464981693  0.0956420425264657  -0.1768299336174594
88  0.4077198078196542  0.09562361442822556  0.1768639843030047
89  0.1768949780691495  0.09560684072284487  0.4077103062793599
90  -0.1767361031747471  -0.09569282319617985  0.4077590114352246
91  -0.4077643739483771  -0.09570228999976457  0.1767186108026216
92  -0.4077920715891254  -0.0957511864998332  -0.1766282618514488
93  -0.1767552938354285  -0.09568243728545098  -0.4077531282897274
94  0.1766936459608501  -0.09571580087478353  -0.407772027243847
95  0.4077922017472116  -0.09575141627661923  -0.1766278372793099
96  0.4077972258493399  -0.09576028566056026  0.1766114487947456
97  0.1766413386733291  -0.09574410937482326  0.4077880627200697
98  -0.02745491114766124  -0.1255362097987658  -0.0113722036256259
99  0.05989766882485605  0.1662164949179774  0.05992648437675696
100  -0.1767922300419133  0.1857057821956158  -5.374077228463559e-05
101  3.04422803727028e-05  0.1857196877461863  -0.1767726969246142
102  0.1896982221317288  -0.1944623879261262  0.005400497452761804
103  0.01135138225743722  -0.2040068069468762  -0.2041318258019067
104  -0.008094050378152483  -0.1986622513606095  0.1962114870193885
105  -0.2119650820986113  -0.2092979900518081  -0.01461896977793644
293  4  0
0      3     11     60    100
1     55     72     47    102
2     85     20     84    100
3     18     99    100     58
4    104     34     33     90
5     94     95     30     87
6     78     99     63    101
7     43     68     74    105
8     98    102     57    103
9     38    102     95    103
10     48     72     56    102
11     95     94     38    103
12    100     26     82     83
13     82     89     17     25
14     25     32     99     89
15      5      0      4    101
16      7     15     64     99
17     71    102     46    103
18     32    102     97     99
19     71     38     46    102
20     10     18     75    100
21     85     29     21    101
22     47    102     38     71
23     45    103     36     69
24     97     96     32     40
25     46     79     70    103
26     98     95    102    103
27     95     87     94    101
28     13     80     21    101
29     44     74     68    105
30     47     76     39    102
31      0     99      2    100
32     49     57     50    104
33     13     61     80    101
34     98     29    103     93
35      8     65      1     99
36     12     20     80    100
37    103     38     37     94
38     80    100     20    101
39      2      1     58     99
40     43     91    105     35
41      5      6      0    101
42      7      0      6     99
43      7      8      0     99
44     95     31     87    102
45      9     82     99     17
46     18     83     82     26
47     95     94     30     38
48     43     67     51    105
49     32     88    102     99
50     22     86     13     21
51     12     80     61    101
52     26     82    104    100
53     61     13      5    101
54      6     99      0    101
55     89     82     17     99
56     15     88     99     23
57     15     63     78     99
58    100     27     26     83
59     25     99     82     89
60     64      8      7     99
61    105     43     34     91
62     29     37     94    103
63     93     92     28     36
64     45     70     79    103
65     51     57     52    105
66     93     98     92    105
67     14     22     78    101
68     22     99    101     87
69     99    100      0    101
70      1     65      9     99
71     91     90     26     34
72    102     32     97     96
73     47     95    102     39
74     34     91     43     35
75     38     95     47     39
76     99     97     25    104
77     15     99     24     64
78     18    100     19     75
79      4     61      5    101
80     18     82      9     17
81     62      6      5    101
82     43     74     35    105
83     29     84    100     85
84     45     69     53    103
85     89     88     32     99
86     55     57     56    102
87     52     53     69    103
88     87     23     88     31
89    101     20     21     85
90      1      0      8     99
91     24     89     88     32
92     99     23     22     78
93     64     24     16     99
94     57     53     52    103
95     93     37     29    103
96     12    100     80    101
97     53     70     45    103
98     78     23     15     99
99     16     81     65     99
100     81     17      9     99
101     64     16      8     99
102     41     97    104     33
103     29    100    101     85
104     25     33     90    104
105    104     26     91     90
106      9     65     81     99
107     99     15     24     88
108     45     79     37    103
109    101     29     30     94
110     47     72     76    102
111     82    100     99    104
112     59     11      3    100
113     23     99     22     87
114     93     92     36    105
115     95     87     31     30
116      0      1      2     99
117     14     78     63    101
118     22     87     86     30
119     95     39     31    102
120     91     90     34    104
121     40     97     41     33
122     63     99      6    101
123     84     93     92     28
124      2     10     59    100
125     54    102     71    103
126     53     57     54    103
127     57     98     50    104
128     99     25     82    104
129      1      9     58     99
130     98     94     95    103
131     57    102     54    103
132     13     86    101     21
133      5     13     62    101
134     94     29     98    101
135      0    100      4    101
136    101     13     22     86
137     27    100     26     91
138     34    104     33     77
139     93    103     98    105
140     31    102     32     88
141     46     38     79    102
142     54     70     53    103
143      9     18     99     82
144     54     55     71    102
145     41    104     40     73
146     87     22     86    101
147    104     25     26     90
148     98    101     99    102
149     42     50     67    104
150     56     72     55    102
151     97    102     40    104
152     92     84     28     27
153     41     66     77    104
154     62     22     14    101
155     14      6     62    101
156     44    103     74    105
157     61      4     12    101
158     20    100     85    101
159     30    101     87     86
160     16     24     81     99
161     47     71     55    102
162      6     63      7     99
163     57     55     54    102
164     99     24     17     89
165     92     98     84    100
166     99     22    101     78
167     31     88     87    102
168      8     16     65     99
169     29    101     30     86
170     89     24     88     99
171     63      6     14    101
172     10     75     59    100
173     44     52     69    105
174     88     23     87     99
175     48     76     72    102
176     84     29    100     98
177     87    101     95    102
178     99     18    100     82
179     20     85     84     28
180     46    102     79    103
181     63     15      7     99
182     79    102     38    103
183     36    103     93    105
184     48    102     73    104
185     51     68     43    105
186     32     25     99     97
187     31     39     96    102
188     69     36     44    103
189     66     50     42    104
190     56    102     57    104
191     49     66     41    104
192     52     98     57    103
193     57     98     52    105
194     69    103     44    105
195     11     59     75    100
196     60      4      3    100
197     46     54     71    103
198     45     93    103     37
199     73     40     48    104
200     99    102     97    104
201     36    105     35     74
202    100     11     20     84
203     43    105     34     67
204     18      9     99     58
205     24     99     17     81
206     92    100     27    105
207     57     51     50    105
208     42    104     67    105
209     24     88     15     23
210     84     92     93     98
211     58     18     10    100
212     13    101     22     62
213     40    102     76    104
214     57    102     98    104
215     36     93     45     37
216     98    102     99    104
217     73    102     56    104
218     42     77     66    104
219     56     49     73    104
220     91     35     27    105
221     68     52     44    105
222     42     34     77    105
223     34    104     77    105
224     56     73     48    102
225     44     36     74    103
226     48     40     76    104
227     57     49     56    104
228     28     84     29     85
229     29     94     98    103
230    105     36     35     92
231     77     33     41    104
232     50     98     57    105
233     91    100     98    105
234     98    103     52    105
235     70     54     46    103
236     98    100     92    105
237     84     29     98     93
238     84     28     29     93
239     67     34     42    105
240     52    103     69    105
241     38    103     37     79
242     95     98    102    101
243     98    100     99    101
244    103     45     36     93
245    100     18     19     83
246     21     29     86    101
247     92     84     27    100
248     27    100     91    105
249     91    104     34    105
250     52     68     51    105
251     50     51     67    105
252     98    104     91    105
253    101     30     87     94
254     97     96     40    102
255     74    103     36    105
256      2     59      3    100
257     83     27     19    100
258     76    102     48    104
259     41     73     49    104
260     12      4     60    100
261     98    100     91    104
262     58     10      2    100
263     60     20     12    100
264      4    100     12    101
265     11     75     19    100
266     20    101     21     80
267    104     41     40     97
268     40    102     39     76
269     77    104     42    105
270     94     98     95    101
271     99    100     98    104
272     97     33     25    104
273     27     35     92    105
274    102     31     32     96
275     83     18     82    100
276      3      0      2    100
277    102     40     39     96
278     20     84     11     19
279      3      4      0    100
280     11     84    100     19
281    100     29    101     98
282    102     47     38     95
283     99    101     87    102
284      2     99     58    100
285     19     27     84    100
286     25    104     26     82
287     50     66     49    104
288     11    100     20     60
289     26    104     91    100
290     88     99     87    102
291     50    104     98    105
292     67    104     50    105
192  1
0      0      1      2  0
1      3      0      2  0
2      3      4      0  0
3      5      0      4  0
4      5      6      0  0
5      7      0      6  0
6      7      8      0  0
7      1      0      8  0
8     49     57     50  0
9     57     51     50  0
10     51     57     52  0
11     57     53     52  0
12     53     57     54  0
13     57     55     54  0
14     55     57     56  0
15     57     49     56  0
16      2      1     58  0
17      1      9     58  0
18      2     59      3  0
19      2     10     59  0
20     60      4      3  0
21      3     11     60  0
22      4     61      5  0
23     61      4     12  0
24     62      6      5  0
25      5     13     62  0
26      6     63      7  0
27     63      6     14  0
28     64      8      7  0
29      7     15     64  0
30      8     65      1  0
31      8     16     65  0
32     18     58      9  0
33      9     17     18  0
34     10     75     59  0
35     10     18     75  0
36     20     60     11  0
37     11     19     20  0
38     12     80     61  0
39     12     20     80  0
40     22     62     13  0
41     13     21     22  0
42     14     78     63  0
43     14     22     78  0
44     24     64     15  0
45     15     23     24  0
46     16     81     65  0
47     16     24     81  0
48     18     17     82  0
49     17     25     82  0
50     83     27     19  0
51     18     83     19  0
52     20     19     84  0
53     19     27     84  0
54     85     29     21  0
55     20     85     21  0
56     22     21     86  0
57     21     29     86  0
58     87     31     23  0
59     22     87     23  0
60     24     23     88  0
61     23     31     88  0
62     89     25     17  0
63     24     89     17  0
64     90     34     26  0
65     25     90     26  0
66     26     91     27  0
67     26     34     91  0
68     92     36     28  0
69     28     27     92  0
70     28     93     29  0
71     28     36     93  0
72     94     38     30  0
73     29     94     30  0
74     31     30     95  0
75     30     38     95  0
76     96     40     32  0
77     31     96     32  0
78     32     97     25  0
79     32     40     97  0
80     33     77     34  0
81     77     33     41  0
82     43     35     34  0
83     67     34     42  0
84     35     74     36  0
85     43     74     35  0
86     45     37     36  0
87     69     36     44  0
88     37     79     38  0
89     45     79     37  0
90     47     39     38  0
91     71     38     46  0
92     39     76     40  0
93     47     76     39  0
94     41     33     40  0
95     73     40     48  0
96     50     66     49  0
97     49     66     41  0
98     50     51     67  0
99     42     50     67  0
100     52     68     51  0
101     51     68     43  0
102     52     53     69  0
103     44     52     69  0
104     54     70     53  0
105     53     70     45  0
106     54     55     71  0
107     46     54     71  0
108     56     72     55  0
109     55     72     47  0
110     56     49     73  0
111     56     73     48  0
112     58     10      2  0
113     58     18     10  0
114     11     59     75  0
115     59     11      3  0
116     12      4     60  0
117     60     20     12  0
118     13     61     80  0
119     61     13      5  0
120     14      6     62  0
121     62     22     14  0
122     15     63     78  0
123     63     15      7  0
124     64     16      8  0
125     64     24     16  0
126      9     65     81  0
127      1     65      9  0
128     66     50     42  0
129     41     66     77  0
130     43     67     51  0
131     34     67     43  0
132     68     52     44  0
133     43     68     74  0
134     45     69     53  0
135     36     69     45  0
136     70     54     46  0
137     45     70     79  0
138     47     71     55  0
139     38     71     47  0
140     48     72     56  0
141     47     72     76  0
142     41     73     49  0
143     40     73     41  0
144     44     74     68  0
145     44     36     74  0
146     19     75     18  0
147     11     75     19  0
148     48     76     72  0
149     48     40     76  0
150     42     77     66  0
151     42     34     77  0
152     23     78     22  0
153     78     23     15  0
154     46     79     70  0
155     46     38     79  0
156     21     80     20  0
157     13     80     21  0
158     17     81     24  0
159     81     17      9  0
160     26     82     25  0
161     82     26     18  0
162     18     26     83  0
163     27     83     26  0
164     84     27     28  0
165     84     28     20  0
166     20     28     85  0
167     29     85     28  0
168     30     86     29  0
169     86     30     22  0
170     22     30     87  0
171     87     30     31  0
172     32     88     31  0
173     88     32     24  0
174     24     32     89  0
175     25     89     32  0
176     25     33     90  0
177     34     90     33  0
178     34     35     91  0
179     91     35     27  0
180     27     35     92  0
181     36     92     35  0
182     36     37     93  0
183     93     37     29  0
184     29     37     94  0
185     38     94     37  0
186     38     39     95  0
187     95     39     31  0
188     31     39     96  0
189     40     96     39  0
190     40     33     97  0
191     97     33     25  0
