60  3  0  0
0  0  177.6705474853516  -0.8182573318481445
1  0  163.8586730957031  42.78527450561523
2  51.1092529296875  161.7873992919922  9.48625373840332
3  40.52764892578125  161.6331634521484  -35.47883605957031
4  0  124.5411529541016  72.82978820800781
5  91.63685607910156  121.9210433959961  21.41013336181641
6  67.15533447265625  119.7191925048828  -55.87942886352539
7  0  64.23626708984375  85.61261749267578
8  106.1026916503906  64.23626708984375  21.41012573242188
9  82.71556854248047  61.65982055664063  -61.46946716308594
10  0  13.82588195800781  74.73989868164063
11  91.56192779541016  11.33641147613525  12.7408447265625
12  73.40174865722656  12.74534606933594  -50.77034378051758
13  0  -6.340187072753906  -5.163341522216797
14  64.3272705078125  64.08120727539063  75.05530548095703
15  59.17533493041992  13.82588195800781  65.97039794921875
16  57.0943603515625  123.4283905029297  64.66954803466797
17  36.83056640625  163.1168365478516  37.96331405639648
18  0  119.3780212402344  -72.79296875
19  0  60.20510864257813  -88.35349273681641
20  0  161.3802642822266  -42.69283294677734
21  0  3.326835632324219  -87.59428405761719
22  84.04505920410156  120.8201065063477  -17.23464775085449
23  99.64028167724609  62.94804382324219  -25.82117652893066
24  49.240966796875  161.7102813720703  -12.9962911605835
25  90.48147583007813  12.263427734375  -19.41598892211914
26  0  -0.4982757568359375  -55.02288055419922
27  0  27.66845703125  -98.46108245849609
28  20.63852310180664  27.53024291992188  -87.64608001708984
29  -51.1092529296875  161.7873992919922  9.48625373840332
30  -40.52764892578125  161.6331634521484  -35.47883605957031
31  -91.63685607910156  121.9210433959961  21.41013336181641
32  -67.15533447265625  119.7191925048828  -55.87942886352539
33  -106.1026916503906  64.23626708984375  21.41012573242188
34  -82.71556854248047  61.65982055664063  -61.46946716308594
35  -91.56192779541016  11.33641147613525  12.7408447265625
36  -73.40174865722656  12.74534606933594  -50.77034378051758
37  -64.3272705078125  64.08120727539063  75.05530548095703
38  -59.17533493041992  13.82588195800781  65.97039794921875
39  -57.0943603515625  123.4283905029297  64.66954803466797
40  -36.83056640625  163.1168365478516  37.96331405639648
41  -84.04505920410156  120.8201065063477  -17.23464775085449
42  -99.64028167724609  62.94804382324219  -25.82117652893066
43  -49.240966796875  161.7102813720703  -12.9962911605835
44  -90.48147583007813  12.263427734375  -19.41598892211914
45  -20.63852310180664  27.53024291992188  -87.64608001708984
46  29.83809313066923  40.91253262735494  -73.07579814211886
47  -29.82623570863939  40.92019934435503  -73.0818693770218
48  41.37665955918715  60.93279655774908  -74.90534514688062
49  33.57526046443255  89.9600176556897  -72.11762463421147
50  36.67415423988432  8.032662275364569  -69.19571876254256
51  -41.35744194863767  60.93245857920987  -74.91159121086328
52  -33.60256536196133  89.98421567322829  -72.10442090299092
53  -36.73111091954785  8.039970644602114  -69.16714492869419
54  36.66716425794954  6.117452965624149  -52.89856516327149
55  -36.72651795567023  6.128161946554132  -52.89512650156617
56  -11.06049999115572  95.98372150855712  1.720964667689529
57  37.46465190498211  55.61955567702944  -10.88025182829317
58  36.46972943565611  114.0630489204614  -0.4525415505680988
59  -15.7337740770623  65.93342747719281  -35.00801389110161
148  4  0
0     13     11     25     57
1     45     19     28     27
2     13     56     10     57
3     32     56     41     59
4     32     34     52     59
5     44     35     13     59
6      5     58     17      2
7     45     28     21     27
8     26     54     46     59
9     42     34     32     59
10      9     48     12     57
11     32     41     42     59
12     24     20      0      3
13     13     10     15     57
14      7     14     15     57
15     25     11     23     57
16     49     58     56     59
17     41     56     42     59
18     46     54     50     12
19     12     13     25     57
20     28     45     21     26
21     26     57     54     59
22     54     26     46     50
23     15     10      7     57
24     53     45     26     21
25      0     20     43     30
26     47     53     45     26
27     49     18     52     59
28     47     53     36     45
29     46     12     48     57
30     26     13     54     57
31     13     15     11     57
32     23      6      9     57
33      8     15     14     57
34     47     26     28     46
35     47     46     19     59
36     54     13     12     57
37      7     56      4     58
38     46     50     26     28
39     55     47     26     53
40     21     28     26     50
41     49     57      6     58
42     46     57     48     59
43     23     12     25     57
44     34     51     52     59
45      9      6     49     57
46     28     47     46     19
47     33     56     35     59
48     57     23      5      8
49     18     56     49     58
50     48      9     49     57
51     52     56     32     59
52     38     56     13     59
53     28     47     19     45
54     22      6     23     57
55     51     36     47     59
56     12     23      9     57
57     42     35     44     59
58     42     56     33     59
59     58     22      3     24
60     35     56     38     59
61     11     15      8     57
62      1     56      0     58
63     41     56     30     43
64     10     56      7     57
65     57     58     49     59
66     47     55     26     59
67     46     54     12     57
68      4      1     17     58
69     26     47     28     45
70     56     31     42     33
71     33     35     42     59
72     18      6      3     58
73     47     55     36     53
74     35     38     13     59
75     23     11      8     57
76      0     56     20     58
77     46     50     28     12
78     52     49     19     18
79      7     39      4     56
80     13     57     26     59
81     38     37      7     56
82     31     56     42     41
83     23     57      5     22
84      7     37     39     56
85     41     43     29     56
86     24      0     20     58
87     36     42     44     59
88     49     56     18     59
89     56     57     13     59
90     38     10     13     56
91      7     10     38     56
92      5     14     57      8
93     14      7     16     58
94     24      2      0     58
95      0     17      1     58
96     17     16      4     58
97     56     41     30     32
98      4     56      1     58
99      2     17      0     58
100     24     22      2     58
101      4     16      7     58
102     56     31     40     29
103     37     31     39     56
104     58      5     17     16
105     38     56     33     37
106     29     31     41     56
107      5     57     58     22
108     39     40      4     56
109      7     57     56     58
110     22      5      2     58
111     34     36     51     59
112     56     58     57     59
113     18     56     52     59
114     46     48     19     59
115     22     58      3      6
116     42     36     34     59
117     52     18     32     56
118     32     18     30     56
119     56     38     33     35
120     18     20     30     56
121     30     20     43     56
122     55     36     13     59
123     47     36     55     59
124     46     47     26     59
125     19     51     47     59
126     14      5     57     58
127     20     56     18     58
128     14     57      7     58
129     20      3     24     58
130     31     56     40     39
131     33     31     37     56
132     29     43      0     56
133      4     40      1     56
134     16      5     14     58
135     55     13     26     59
136     19     49     52     59
137     54     57     46     59
138     52     51     19     59
139     20      0     43     56
140     13     36     44     59
141     18      3     20     58
142     48     57     49     59
143     49      6     18     58
144     19     48     49     59
145      1     40      0     56
146      0     40     29     56
147      6     57     22     58
108  1
0     13     10     15  0
1     13     15     11  0
2      2     17      0  0
3      0     17      1  0
4     20      3      0  0
5      0      3     24  0
6     24      2      0  0
7     13     11     25  0
8     12     13     25  0
9     11     15      8  0
10      8     15     14  0
11     15     10      7  0
12      7     14     15  0
13      4     16      7  0
14     14      7     16  0
15     16      5     14  0
16      5      8     14  0
17      4      1     17  0
18     17     16      4  0
19     17      2      5  0
20      5     16     17  0
21     48      9     49  0
22     49      6     18  0
23     18      6      3  0
24     18      3     20  0
25     46     48     19  0
26     23      6      9  0
27     22      6     23  0
28     23      8      5  0
29      5     22     23  0
30     22      5      2  0
31     24     22      2  0
32     22     24      3  0
33      3      6     22  0
34     12     23      9  0
35     23     12     25  0
36     25     11     23  0
37     23     11      8  0
38     54     13     12  0
39     54     12     50  0
40     28     27     21  0
41     50     12     28  0
42     46     19     28  0
43     19     27     28  0
44     38     10     13  0
45     35     38     13  0
46      0     40     29  0
47      1     40      0  0
48      0     30     20  0
49     43     30      0  0
50     29     43      0  0
51     44     35     13  0
52     13     36     44  0
53     38     35     33  0
54     33     37     38  0
55      7     10     38  0
56     38     37      7  0
57      7     39      4  0
58      7     37     39  0
59     37     31     39  0
60     33     31     37  0
61      4     40      1  0
62     39     40      4  0
63     31     29     40  0
64     40     39     31  0
65     34     51     52  0
66     19     18     52  0
67     32     18     30  0
68     18     20     30  0
69     51     36     47  0
70     42     34     32  0
71     32     41     42  0
72     31     33     42  0
73     42     41     31  0
74     29     31     41  0
75     41     43     29  0
76     30     43     41  0
77     41     32     30  0
78     42     36     34  0
79     36     42     44  0
80     42     35     44  0
81     33     35     42  0
82     55     13     26  0
83     26     21     53  0
84     21     27     45  0
85     53     21     45  0
86     36     45     47  0
87     45     27     19  0
88     28     12     46  0
89      9     48     12  0
90     47     45     19  0
91     34     36     51  0
92     46     12     48  0
93      9      6     49  0
94     49     18     19  0
95     19     48     49  0
96     21     50     28  0
97     26     50     21  0
98     19     51     47  0
99     52     51     19  0
100     32     34     52  0
101     52     18     32  0
102     53     45     36  0
103     26     53     55  0
104     54     50     26  0
105     26     13     54  0
106     55     53     36  0
107     55     36     13  0
