57  3  0  0
0  40.1011962890625  4.668909549713135  1.131956934928894
1  34.93386077880859  4.733405113220215  -32.31280136108398
2  -34.93387222290039  4.733405113220215  -32.31280136108398
3  -51.87968826293945  26.29669380187988  55.57546234130859
4  51.87968826293945  26.29669380187988  55.57545852661133
5  72.58833312988281  26.81803512573242  -64.56784057617188
6  -72.58833312988281  26.81803512573242  -64.56784057617188
7  22.01842880249023  177.7238464355469  31.79562759399414
8  -22.01842880249023  177.7238464355469  31.79562759399414
9  -4.291499863029458e-006  168.73095703125  -52.38860702514648
10  42.18599319458008  139.742431640625  -54.44658660888672
11  42.18599700927734  139.742431640625  53.41998672485352
12  -42.18599700927734  139.742431640625  53.41998672485352
13  -42.18600463867188  139.742431640625  -54.44658660888672
14  57.72064971923828  66.92323303222656  66.65943908691406
15  -57.72064971923828  66.92324066162109  66.65943908691406
16  87.33784484863281  67.65872192382813  -70.23712158203125
17  -87.33784484863281  67.65872192382813  -70.23712158203125
18  1.888000014105273e-007  3.287086725234985  50.38911437988281
19  -7.860199730203021e-006  3.287086725234985  -41.25527572631836
20  -4.549999843561636e-008  179.3594970703125  39.54473876953125
21  -1.941099981195293e-006  189.9880218505859  -17.72321891784668
22  25.34477996826172  179.4312744140625  1.959000468254089
23  -25.34477996826172  179.4312744140625  1.959000468254089
24  0  139.742431640625  81.30324554443359
25  52.39701843261719  109.6145172119141  70.22328186035156
26  50.05046844482422  139.7134094238281  -1.10589587688446
27  -52.39701843261719  109.6145172119141  70.22328186035156
28  -50.05046844482422  139.7134094238281  -1.10589587688446
29  61.97119140625  109.6145172119141  -64.31854248046875
30  -7.629399988218211e-006  139.742431640625  -80.49662017822266
31  -61.97119140625  109.6145172119141  -64.31854248046875
32  0  66.92324066162109  95.29335784912109
33  78.64704895019531  66.92323303222656  -1.494080662727356
34  0  26.29669380187988  80.38546752929688
35  69.88560485839844  26.29669380187988  -0.3666496276855469
36  -69.88560485839844  26.29669380187988  -0.3666496276855469
37  -78.64704895019531  66.92323303222656  -1.494080662727356
38  -1.072889972419944e-005  66.92323303222656  -108.95361328125
39  -1.144409998232732e-005  26.29669380187988  -85.56306457519531
40  -40.10120010375977  4.668909549713135  1.131956696510315
41  -5.96000006680697e-007  200.9701385498047  11.7326192855835
42  -4.768000110288995e-007  109.6145324707031  105.6282501220703
43  61.35410308837891  109.6145172119141  0.339144229888916
44  -61.35410308837891  109.6145172119141  0.339144229888916
45  -9.536700417811517e-006  109.6145172119141  -101.2468109130859
46  30.99490432409665  88.27529142488154  -86.6293694358978
47  -30.97008248313582  88.25818453507306  -86.64725522341755
48  36.29684675272259  46.86915030626904  -86.75908478749958
49  -36.2903905488284  46.87272329954304  -86.76303913944433
50  -21.10309170701295  164.8532109479376  -36.09368483864964
51  21.09038655366557  164.8683342796605  -36.08263153687225
52  43.65523187790581  67.29086223247609  -89.60143401331109
53  -43.68679988606309  67.29112798243547  -89.58744480665669
54  32.55574284673715  67.268150766986  -34.19042893184555
55  -32.48666200562372  67.27143129784503  -34.15818523925238
56  1.778750282662927  129.6277306620223  19.76717245676341
138  4  0
0     36      3     40     55
1     13     28     44     55
2     10     13      9     30
3     23     51     50     21
4     45     54     55     46
5      1     48      5     39
6     19     48      1     39
7     51     22     23     56
8     38     46     45     47
9     14     54     18     56
10     18     54      0     55
11     23     50     51     56
12     50     10      9     51
13     13     56     23     28
14     20     23      8     41
15     20     22     41      7
16     10     43     26     54
17     32     27     24     56
18     48     46     38     39
19     13     31     47     55
20     49     39     47     55
21     10     55     54     56
22     55     45     46     47
23     32     34     15     56
24     28      8     12     56
25     17      6     53     55
26      3     37     15     55
27     19     39     49     55
28     13     47     31     45
29     29     43     10     54
30     43     14     25     56
31     46     48     38     52
32     20     23     41     22
33     10     46     29     54
34      0      1     19     54
35     39     54     46     55
36     38     39     46     47
37     19      1     48     54
38     54     10     45     30
39     14     34     32     56
40     10     46     45     29
41     20     22      7     56
42     19     49      2     55
43     32     24     25     56
44     44     31     13     55
45     28     23      8     56
46     47     39     46     55
47      0     54     19     55
48     13     45     55     47
49     18     55     15     56
50     10     13     30     55
51     49      6      2     55
52     26     54     43     56
53     34     18     14      4
54     19     40      0     55
55      2     36     40     55
56     37      6     17     55
57     53     49     47     55
58     51     50     21      9
59     47     31     53     55
60     30     54     10     55
61     32     24     42     25
62     10     54     45     46
63     56     13     23     50
64     19     49     39      2
65     23     51     21     22
66     19      2     40     55
67     15     37     44     55
68     37      3     36     55
69     53     31     17     55
70     23     22     21     41
71      2     49     39      6
72     38     39     47     49
73     27     15     44     56
74     10     50     13     56
75     13     55     10     56
76     13     10      9     50
77     17     55     44     37
78     43     54     16     33
79     18      3     15     55
80      2      6     36     55
81     36      6     37     55
82     18     15      3     34
83      0     40     18     55
84      6     49     53     55
85     40      3     18     55
86     19     54     39     55
87     32     24     27     42
88     45     13     55     30
89     15     55     44     56
90     38     49     47     53
91     54     43     16     29
92     10     54     26     56
93     51     50     10     56
94     43     54     14     56
95     20     23     22     56
96     54     55     18     56
97     19     48     39     54
98     48     46     39     54
99     22     56     10     26
100     25     24     11     56
101     25     14     32     56
102     54     45     55     30
103     24     20     11     56
104     18     34     14     56
105     15     34     18     56
106     32     15     27     56
107     48      1      5     54
108     46     48     52     54
109     52     29     46     54
110     35      1      0     54
111     12     20     24     56
112     28     55     13     56
113     12      8     20     56
114      7     11     20     56
115     44     55     28     56
116      0     18      4     54
117      4     18     14     54
118     48      5     52     54
119     33      5     35     54
120     35      5      1     54
121     52     16     29     54
122     56     22     10     51
123     33     35      4     54
124      4     35      0     54
125      4     14     33     54
126     33     14     43     54
127     26     11      7     56
128     12     27     44     56
129     25     11     43     56
130     27     12     24     56
131     26      7     22     56
132      8     23     20     56
133     26     43     11     56
134     55     17     44     31
135     33     16      5     54
136      5     16     52     54
137     12     44     28     56
104  1
0      0     40     18  0
1      0      1     19  0
2     19     40      0  0
3     19      2     40  0
4     22      7     41  0
5     41      7     20  0
6     22     41     21  0
7     21     41     23  0
8      8     41     20  0
9     23     41      8  0
10     25     24     11  0
11     24     25     42  0
12      7     11     20  0
13     24     20     11  0
14     26      7     22  0
15     26     11      7  0
16     26     43     11  0
17     25     11     43  0
18     27     12     24  0
19     24     42     27  0
20     12     44     28  0
21     12     27     44  0
22     28     23      8  0
23     28      8     12  0
24     12      8     20  0
25     12     20     24  0
26     10     43     26  0
27     29     43     10  0
28     10     26     22  0
29      9     30     10  0
30     10     30     45  0
31     45     29     10  0
32     44     31     13  0
33     13     28     44  0
34     45     30     13  0
35     31     45     13  0
36     13     30      9  0
37     23     28     13  0
38     42     25     32  0
39     25     14     32  0
40     43     14     25  0
41     33     14     43  0
42     14      4     34  0
43     14     34     32  0
44     33     35      4  0
45      4     14     33  0
46      4     35      0  0
47      0     18      4  0
48     34      4     18  0
49     15     34      3  0
50     32     34     15  0
51     40      3     18  0
52      3     34     18  0
53     36      3     40  0
54     37      3     36  0
55      3     37     15  0
56     15     37     44  0
57     27     15     44  0
58     32     15     27  0
59     27     42     32  0
60     38     46     45  0
61     38     52     46  0
62     33     16      5  0
63     33      5     35  0
64      1     39     19  0
65      5     39      1  0
66     35      5      1  0
67     35      1      0  0
68     36      6     37  0
69     37      6     17  0
70      2     36     40  0
71      2      6     36  0
72     39      2     19  0
73     39      6      2  0
74     47     45     31  0
75     53     31     17  0
76     48     52     38  0
77     38     39     48  0
78      6     49     53  0
79     49      6     39  0
80     50      9     21  0
81     50     21     23  0
82     10     51      9  0
83     22     51     10  0
84     16     33     43  0
85     43     29     16  0
86     17     31     44  0
87     44     37     17  0
88     52     29     46  0
89     46     29     45  0
90     47     31     53  0
91     45     47     38  0
92     48     39      5  0
93      5     16     52  0
94     38     49     39  0
95     17      6     53  0
96     13     50     23  0
97      9     50     13  0
98     51     22     21  0
99     21      9     51  0
100     48      5     52  0
101     52     16     29  0
102     38     53     49  0
103     47     53     38  0
