83  3  0  0
0  0  82.60489654541016  106.7640991210938
1  32.28329849243164  140.3488006591797  74.97100067138672
2  0  109.8575973510742  105.1897964477539
3  31.92989921569824  105.7487030029297  88.16780090332031
4  43.50230026245117  136.4026947021484  23.85390090942383
5  56.18019866943359  124.2580032348633  -15.04109954833984
6  76.12850189208984  98.94580078125  30.69050025939941
7  85.02680206298828  85.19609832763672  -22.0673999786377
8  64.19039916992188  51.72420120239258  32.75170135498047
9  80.91169738769531  38.6693000793457  -27.07250022888184
10  26.78750038146973  36.47779846191406  68.90740203857422
11  37.03770065307617  -2.1774001121521  28.29710006713867
12  36.71939849853516  -2.1774001121521  -24.52770042419434
13  53.97439956665039  97.27629852294922  -70.48280334472656
14  0  88.13490295410156  -72.41739654541016
15  63.40060043334961  68.94480133056641  -70.56749725341797
16  0  28.07719993591309  -145.0084991455078
17  64.68070220947266  40.05580139160156  -73.10910034179688
18  0  23.68560028076172  -70.47570037841797
19  0  122.8546981811523  -16.29409980773926
20  0  155.0706024169922  10.28509998321533
21  0  139.7886962890625  91.69960021972656
22  0  -2.1774001121521  -24.56439971923828
23  0  32.64500045776367  70.34279632568359
24  0  177.5908966064453  43.98109817504883
25  15.70590019226074  165.6253051757813  46.40579986572266
26  23.27190017700195  80.98519897460938  93.08529663085938
27  0  -2.1774001121521  28.44459915161133
28  14.00150012969971  48.26919937133789  -144.9815063476563
29  0  49.63610076904297  -145.0084075927734
30  15.08870029449463  33.19860076904297  -145.0084991455078
31  -32.28329849243164  140.3488006591797  74.97100067138672
32  -31.92989921569824  105.7487030029297  88.16780090332031
33  -43.50230026245117  136.4026947021484  23.85390090942383
34  -56.18019866943359  124.2580032348633  -15.04109954833984
35  -76.12850189208984  98.94580078125  30.69050025939941
36  -85.02680206298828  85.19609832763672  -22.0673999786377
37  -64.19039916992188  51.72420120239258  32.75170135498047
38  -80.91169738769531  38.6693000793457  -27.07250022888184
39  -26.78750038146973  36.47779846191406  68.90740203857422
40  -37.03770065307617  -2.1774001121521  28.29710006713867
41  -36.71939849853516  -2.1774001121521  -24.52770042419434
42  -53.97439956665039  97.27629852294922  -70.48280334472656
43  -63.40060043334961  68.94480133056641  -70.56749725341797
44  -64.68070220947266  40.05580139160156  -73.10910034179688
45  -15.70590019226074  165.6253051757813  46.40579986572266
46  -23.27190017700195  80.98519897460938  93.08529663085938
47  -14.00150012969971  48.26919937133789  -144.9815063476563
48  -15.08870029449463  33.19860076904297  -145.0084991455078
49  6.994618732973839  38.16435746895727  -144.9950145668727
50  -22.72461032239006  38.84844626347372  -133.2427687312484
51  -28.11225191823757  106.2106969030654  -43.70662382621642
52  28.06875067559799  106.1827261983077  -43.75105122726775
53  22.7254637213984  38.84907769738593  -133.2414537782655
54  0  105.4900656634493  -44.36340197840308
55  -18.43727830494463  31.49170845542942  -124.5135264501112
56  -7.003576403707198  38.17727560492236  -144.9949972978235
57  18.44076998680706  31.49235510062669  -124.5096450787261
58  -43.07618401652911  53.90667069518536  -101.8842104564109
59  11.64449659836667  56.83285245577339  81.72239856820615
60  38.70886858491709  58.61027263987937  -107.7627244342254
61  33.97504850029589  72.75693178992931  -107.7561994788682
62  39.87660122814177  36.62608107132109  -109.0705433075747
63  26.9747504392524  73.44521130303542  -107.7627950048443
64  43.04343924807019  53.8824426880627  -101.9346649689389
65  -11.62945234478533  56.80160265669689  81.70769654821369
66  -38.68943867310929  58.60214040426837  -107.7919933404419
67  -33.99997174462935  72.78748788977281  -107.7097492737637
68  -39.88804654484915  36.62766364169173  -109.053949676372
69  -26.9955601168971  73.46357884702198  -107.7340618681511
70  0  57.60456095872718  88.53858498487445
71  -41.57483346025631  35.77668901990911  -98.79370201055869
72  13.4852187223684  61.53875261596149  -126.3885789004587
73  26.35949493119809  53.44154016215018  -126.3656220118579
74  23.98646223601541  60.51084395709336  -126.3722301397289
75  41.5564152245814  35.77327803800678  -98.81417581536933
76  27.4729148836047  34.91099471788851  -127.0536364815702
77  -26.34537241349198  53.43562929428094  -126.3868959450784
78  -24.00924820886286  60.53877974474775  -126.3297632322064
79  -27.49148097598858  34.91356189435522  -127.0267190184917
80  -13.5050308898081  61.55623971322128  -126.3612230843354
81  0.02358091234516024  72.94235580789299  22.01859948632971
82  0  84.51681413146559  72.09338763995258
209  4  0
0     79     58     55     50
1     70     65     46     82
2     20     81      4     82
3     18     52     14     54
4      8     12      9     11
5     60     63     15     61
6     15     63     13     61
7     52      7     17     15
8     31      1     21     82
9     49     53     30     28
10     65     81     39     82
11      8     10     59     82
12     18     77     55     66
13     35     32     37     82
14     31     45      1     82
15     14     69     77     66
16     77     78     80     47
17     29     77     47     50
18     30     53     57     76
19     17     52     18      9
20     18     52     15     14
21     41     37     38     40
22     38     18     41     44
23     21     32     31     82
24     46      0     70     82
25      1     45     25     82
26     64     75     62     17
27     19     20      4      5
28      9     81      6      7
29     47     56     29     50
30     81      9      6      8
31     21      2     32     82
32     69     14     77     80
33     15     52      7     13
34      4      6      3     82
35     72     73     74     63
36     20     19     33     34
37     79     68     55     58
38     55     14     18     72
39     51     18     14     54
40      3      4      1      6
41     49     57     29     55
42     32     33     35     31
43     18     51     38     41
44     29     55     14     77
45      2      0     46     82
46     25     20     45     24
47     16     55     29     56
48     28     72     73     74
49     36     44     51     38
50     70      0     26     82
51     73     72     28     53
52     57     73     72     60
53     33     32     35     82
54     72     14     18     63
55     59     81     65     82
56     72     49     28     53
57     57     53     73     64
58     43     51     18     14
59     59     65     70     82
60     66     69     78     67
61      3      6      8     82
62     18     72     63     57
63     18     72     57     55
64     75     57     64     62
65     35     38     81     37
66     38     35     81     36
67     18     58     55     71
68     15     52     13     14
69     73     60     74     63
70     63     15     13     14
71      3     21      1     82
72     35     81     33     82
73     31      1     45     21
74     29     55     57     72
75     26      2      3     82
76     26      0      2     82
77     49     72     29     57
78      1     45     21     25
79     33     81     20     82
80     34     51     36     42
81      1     25      4     82
82     63     60     74     61
83     58     71     18     44
84     58     71     44     68
85     64     73     57     60
86     69     78     77     66
87     44     36     51     43
88      8     26      3     82
89     59     70     26     82
90      2     46     32     82
91     55     66     77     58
92     65     39     37     82
93     43     69     42     14
94     43     69     14     58
95      3      2     21     82
96      9     12     18     17
97     16     56     48     55
98      8     59     10     26
99     58     69     14     66
100     25     45     21     24
101     43     69     66     67
102     29     77     80     47
103     31     33     45     82
104     76     57     64     53
105     57     73     53     72
106     33     20     45     82
107     55     58     77     50
108     63     60     15     64
109     37     46     65     82
110      5     52     13      7
111      4     81      6     82
112      4      3      1     82
113     39     81     37     82
114     69     43     42     67
115     37     81     35     82
116     32     46     37     82
117      4     25     20     82
118      6     81      8     82
119     14     64     15     18
120     63     64     18     60
121     51     44     18     38
122     49     57     30     53
123     64     63     18     14
124     47     56     50     48
125     23     70     59     65
126     58     18     55     66
127     63     64     15     14
128     79     55     48     50
129     44     51     18     43
130     57     18     64     60
131      8     81     10     82
132     43     51     42     36
133     18     52     12      9
134     18     58     43     14
135      7     52     17      9
136     43     51     14     42
137     66     18     14     58
138     59     26      8     82
139     10     81     59     82
140     25     45     20     82
141      7     81      6      5
142     62     76     57     64
143     60     63     57     18
144     49     72     28     29
145     33     31     32     82
146     69     80     77     78
147     37     65     46     39
148     69     43     66     58
149     55     57     18     16
150     71     58     55     68
151     63     73     60     72
152     18     57     64     75
153     18     58     44     43
154     52     17     18     15
155     50     56     55     48
156     50     56     29     55
157     60     72     57     63
158     57     49     30     16
159     77     80     14     29
160     18     17     64     15
161     55     16     29     49
162     55     77     29     50
163     64     75     17     18
164     49     72     57     53
165     49     57     55     16
166     10     27     23     81
167     23     27     39     81
168     59     10     23     81
169     65     59     23     81
170      8     11     10     81
171     10     11     27     81
172     54     52     19     81
173     23     39     65     81
174     54     19     51     81
175     27     40     39     81
176     39     40     37     81
177     11      8     12     81
178     12     27     11     81
179      5     19     52     81
180     22     27     12     81
181     51     19     34     81
182     22     41     27     81
183     37     40     41     81
184     40     27     41     81
185     19      5      4     81
186      4      5      6     81
187     18     52     54     81
188     52      7      5     81
189     55     29     14     72
190     19     33     34     81
191     34     33     35     81
192     14     55     18     77
193     51     18     54     81
194     34     36     51     81
195     19     20     33     81
196     19      4     20     81
197     22     12     18     81
198     18     12     52     81
199      8      9     12     81
200     12      9     52     81
201     52      9      7     81
202     36     35     81     34
203     51     41     18     81
204     18     41     22     81
205     51     38     41     81
206     41     38     37     81
207     51     36     38     81
208     18     14     77     66
158  1
0     21     25      1  0
1     21     24     25  0
2      1      6      3  0
3      4      6      1  0
4      1     25      4  0
5      9      8      6  0
6      6      7      9  0
7     12     11      9  0
8      9     11      8  0
9      8     11     10  0
10     10     26      8  0
11     25     24     20  0
12      4     25     20  0
13      5     52     13  0
14      5     19     52  0
15      4      5      6  0
16      6      5      7  0
17     13      7      5  0
18      7     13     15  0
19      9     17     12  0
20      3      6      8  0
21      8     26      3  0
22     22     12     18  0
23     12     17     18  0
24     22     27     12  0
25     12     27     11  0
26     10     27     23  0
27     10     11     27  0
28     59     10     23  0
29     23     70     59  0
30     26      2      3  0
31     26      0      2  0
32      3      2     21  0
33      3     21      1  0
34     30     28     49  0
35     28     29     49  0
36     15     61     60  0
37     75     18     17  0
38     75     17     62  0
39     63     61     13  0
40     13     14     63  0
41     62     17     64  0
42     28     53     73  0
43     17      9      7  0
44      7     15     17  0
45     19      5     20  0
46     20      5      4  0
47     45     21     31  0
48     45     24     21  0
49     35     31     32  0
50     33     31     35  0
51     31     33     45  0
52     35     37     38  0
53     38     36     35  0
54     38     40     41  0
55     37     40     38  0
56     39     40     37  0
57     46     39     37  0
58     20     24     45  0
59     33     20     45  0
60     51     42     14  0
61     54     19     51  0
62     34     33     35  0
63     36     34     35  0
64     36     42     34  0
65     42     36     43  0
66     41     44     38  0
67     35     32     37  0
68     32     46     37  0
69     18     41     22  0
70     18     44     41  0
71     40     27     41  0
72     22     41     27  0
73     23     27     39  0
74     27     40     39  0
75     65     39     46  0
76     46      0     70  0
77      2     46     32  0
78      2      0     46  0
79     21      2     32  0
80     21     32     31  0
81     16     56     48  0
82     29     56     16  0
83     66     67     43  0
84     18     16     55  0
85     48     55     16  0
86     78     47     80  0
87     80     29     14  0
88     48     50     79  0
89     50     48     47  0
90     36     38     44  0
91     44     43     36  0
92     20     34     19  0
93     33     34     20  0
94     16     49     29  0
95     49     16     30  0
96     66     58     77  0
97     44     68     58  0
98     51     19     34  0
99     34     42     51  0
100     54     52     19  0
101     52     14     13  0
102     53     28     30  0
103     17     15     64  0
104     52     54     14  0
105     14     54     51  0
106     79     55     48  0
107     55     71     18  0
108     47     56     29  0
109     47     48     56  0
110     30     16     57  0
111     57     16     18  0
112     58     43     44  0
113     43     58     66  0
114     59     70     26  0
115     59     26     10  0
116     60     64     15  0
117     13     61     15  0
118     74     63     72  0
119     73     60     74  0
120     62     64     76  0
121     62     76     57  0
122     72     63     14  0
123     74     61     63  0
124     64     53     76  0
125     64     60     73  0
126     23     65     70  0
127     23     39     65  0
128     58     50     77  0
129     78     66     77  0
130     43     67     42  0
131     80     47     29  0
132     55     68     71  0
133     79     58     68  0
134     42     67     69  0
135     69     14     42  0
136     70     65     46  0
137     70      0     26  0
138     71     68     44  0
139     71     44     18  0
140     72     29     28  0
141     29     72     14  0
142     60     61     74  0
143     53     64     73  0
144     28     74     72  0
145     73     74     28  0
146     75     62     57  0
147     18     75     57  0
148     57     76     30  0
149     30     76     53  0
150     77     50     47  0
151     77     47     78  0
152     69     67     78  0
153     78     67     66  0
154     79     68     55  0
155     79     50     58  0
156     69     78     80  0
157     69     80     14  0
