78  3  0  0
0  -67.07652282714844  1.83453369140625  33.35735702514648
1  0  0.7966766357421875  62.59615325927734
2  67.07652282714844  1.83453369140625  33.35736083984375
3  -41.45427322387695  102.0750579833984  49.41035461425781
4  41.45427322387695  102.0750579833984  49.41035461425781
5  18.8492431640625  192.8960266113281  32.20370864868164
6  -3.893108606338501  193.4118957519531  32.85501480102539
7  30.77462959289551  168.7686920166016  -6.190035343170166
8  -4.21907901763916  183.1862335205078  10.77675437927246
9  -52.27936172485352  105.817008972168  -29.96306419372559
10  8.939999673884813e-008  106.4684829711914  -51.71713256835938
11  52.27936172485352  105.8170013427734  -29.96306037902832
12  -70.61505126953125  8.069709777832031  -37.69251251220703
13  70.61505126953125  8.069709777832031  -37.69251251220703
14  72.53365325927734  104.1339569091797  3.993046283721924
15  -72.53365325927734  104.1339569091797  3.993046283721924
16  61.73797225952148  19.97575378417969  58.67807388305664
17  0  19.69444274902344  90.68703460693359
18  -61.73797225952148  19.97575378417969  58.67807388305664
19  -98.44158172607422  22.58773040771484  3.49141263961792
20  -81.41172790527344  27.88800811767578  -36.97176742553711
21  81.41172790527344  27.88801574707031  -36.97176742553711
22  98.44158172607422  22.58773040771484  3.49141263961792
23  9.115469932556152  145.7176361083984  23.6358814239502
24  8.939999673884813e-008  101.6904067993164  66.99208068847656
25  -18.23093986511231  138.2811584472656  28.60237503051758
26  -22.22214698791504  140.9595184326172  -17.20942306518555
27  22.22214698791504  140.9595336914063  -17.20942306518555
28  11.55001258850098  215.9240417480469  8.908489227294922
29  -9.995237350463867  154.5261535644531  8.911458969116211
30  3.757395267486572  154.7604675292969  -7.24207067489624
31  -54.16045761108398  63.31715393066406  -56.52947616577148
32  0  63.30940246582031  -73.13681793212891
33  54.16045761108398  63.31715393066406  -56.52980422973633
34  0  -2.992851257324219  -21.36087417602539
35  59.78206253051758  59.56682968139648  60.83620071411133
36  0  58.85079574584961  88.37494659423828
37  -59.78206253051758  59.56682968139648  60.83620071411133
38  -95.29360961914063  62.8450927734375  3.333987712860107
39  0  33.15250396728516  -77.17778778076172
40  95.29360961914063  62.8450927734375  3.333987712860107
41  20.64840698242188  169.2772216796875  27.02195549011231
42  -34.97369003295898  140.8775634765625  5.106476783752441
43  34.97369003295898  140.8775634765625  5.106476783752441
44  24.38821220397949  213.1091918945313  8.908489227294922
45  -88.72393035888672  63.37141799926758  -30.57957458496094
46  88.72393035888672  63.37141036987305  -30.57957458496094
47  -4.080000053363619e-007  -3.590110778808594  -92.03755950927734
48  -44.51573181152344  -4.124359130859375  -86.53047180175781
49  44.51573181152344  -4.124351501464844  -86.53047180175781
50  49.53907775878906  21.64612579345703  -90.54106140136719
51  -1.90740001926315e-006  24.08311462402344  -93.96674346923828
52  -49.53907775878906  21.64612579345703  -90.54106140136719
53  -68.67047119140625  14.37559509277344  -76.34278106689453
54  68.67047119140625  14.37559509277344  -76.34278106689453
55  26.14605695185948  84.56838621112595  -51.54467360278258
56  -26.12242753069302  84.54917728000666  -51.56418934505739
57  -62.22288980576041  24.13010067021939  -69.22300804980648
58  -47.63601591614417  30.07211721546162  -53.65225067639281
59  62.22047805583794  24.12963139302604  -69.2270615483389
60  47.63155739869119  30.0724099895764  -53.65445256115906
61  -33.5303969666366  1.315483479095073  47.98018327103868
62  33.56657525634377  1.316043256072947  47.96441498803973
63  -68.84423260765806  4.949382683195744  -2.136366235853345
64  68.84597584077474  4.95245440230701  -2.17136658671761
65  -6.945754402904155  173.9589470495373  20.87703168562834
66  -24.76252019701752  9.024431940588691  -91.28952248491072
67  24.75932209836174  9.022802970532274  -91.28961908214305
68  -57.56007511672075  1.970191395185067  -62.12144043513006
69  57.55540771059645  1.968014517170187  -62.1301742486938
70  24.75962807958945  27.40161684915456  -83.85675113133152
71  -24.78950179269013  27.39467812005535  -83.8648096302033
72  23.82791645959434  31.61167209033795  -65.41012581304435
73  -23.79822591528486  31.61358979874105  -65.42478879415997
74  6.697296482521043  92.26449204567157  6.284060846179481
75  30.86118265973496  19.83506270984208  74.68660006892524
76  -30.8974923211746  19.83522815596983  74.66777479034251
77  -40.59399905806489  53.2058954092208  -3.222257798911862
199  4  0
0      1     34     61     77
1     70     67     69     72
2     55     72     33     60
3     23     24     25     74
4     63     20     19     77
5     75      1     35     16
6     32     56     55     10
7     73     39     66     71
8      7     23     41     30
9     39     31     56     32
10     46     64     60     21
11     48     71     66     52
12     34     74      2     64
13     77     39     72     73
14     32     55     56     77
15     67     47     39     51
16     46     60     64     74
17     62      2     35     16
18      1     37     17     36
19      9     74     15     77
20     56     39     77     73
21     16     40     22      2
22     15     74      3     77
23     27     43     23     74
24     23     43      4     74
25     69     72     67     34
26     11     43     27     74
27      5     65      6      8
28      5     65      8     41
29     26     42      9     74
30     39     56     77     32
31     30     65     41      8
32      4     24     23     74
33     30     43      7     23
34     30     43     27      7
35     58     31     20     77
36     25     42     26     74
37     45     31      9     77
38     19      0     63     77
39     68     52     53     57
40     64     22     40      2
41     35     16      1     62
42     38     45     15     77
43     46     64     21     40
44     36     74      1     77
45     52     66     51     71
46     16     40      2     35
47     41     29     30     23
48     69     60     13     59
49     30     65     29     41
50     29     23     41     65
51     41      8      7     30
52     21     60     59     13
53     77     34      0     63
54     11     14     43     74
55     63     58     12     77
56     41     43     23      7
57     43     14      4     74
58     65     41      6     23
59     69     59     13     54
60     68     57     53     12
61      5      8     28     44
62     72     74     55     77
63     40     35     14     74
64     66     68     48     34
65     64     35     40     74
66     25     24      3     74
67     37      1     77     36
68     55     72     60     74
69      8      5     28      6
70     47     72     39     34
71      8      5      7     44
72     48     71     52     68
73     36     24      4     74
74     58     68     12     57
75     47     72     67     39
76     76     37      1     18
77     34     67     49     47
78     68     73     71     52
79     31     39     56     73
80     55     33     11     74
81     46     60     33     21
82     72     73     39     34
83     74     34      2     62
84      3     15     42     74
85     12     20     63     77
86     42     15      9     74
87      3     37     15     77
88     47     72     34     67
89     60     69     13     34
90     55     33     39     32
91     69     54     50     59
92     30     65      8     29
93     36     37      3     74
94     10     11     27     74
95     14     11     46     74
96     22     64     40     21
97     33     55     39     72
98     25     29     26     42
99     38      0     19     77
100     56     58     73     77
101     49     70     50     67
102     20     31     45     77
103     61     18     37     77
104     13     60     34     64
105      0     18     61     77
106      3     74     37     77
107     73     34     72     77
108     55     11     10     74
109     34     74     72     77
110     25      3     42     74
111     47     73     34     39
112      1     74     62     77
113      3     24     36     74
114     34     77      0     61
115     64     60     34     74
116     18      0     38     77
117     26     10     27     74
118      1     37     77     61
119     47     73     66     34
120     67     69     34     49
121     14     35      4     74
122     69     50     72     60
123      9     10     26     74
124     62     74     34     77
125     13     21     60     64
126     56     10      9     74
127     20     57     12     53
128     37     74     36     77
129      2     74     35     64
130     68     71     66     48
131     30     43     23     27
132     55     74     56     77
133     58     20     12     77
134     34     58     63     77
135     55     39     77     32
136      8     44      7     28
137     12     20     19     63
138      5      8      7     41
139      4     35     36     74
140     39     55     77     72
141      1     35     74     36
142     35      1     74     62
143     72     34     60     74
144     47     73     39     66
145     55     60     33     74
146     58     56     31     77
147     38     20     45     77
148     62     34      1     77
149     74      2     35     62
150     73     58     34     77
151     18     38      0     19
152     58     73     68     52
153     71     68     66     73
154     39     67     51     70
155     67     70     69     49
156     18     38     37     77
157     56     55     10     74
158     39     66     71     51
159     70     69     50     72
160     68     73     58     34
161     69     72     34     60
162     13     22     21     64
163     19     20     38     77
164     46     33     60     74
165     37      1     17     76
166     17      1     35     75
167     15     45      9     77
168     68     73     34     66
169     58     63     12     34
170     34     66     47     48
171     52     68     53     48
172     68     58     12     34
173      1     18     37     61
174      5     65     41      6
175      1     17     35     36
176     20     58     12     57
177     52     68     58     57
178     73     56     31     58
179     47     66     39     51
180     37     38     15     77
181     50     51     67     70
182     21     59     54     13
183     49     70     69     50
184     46     64     40     74
185     54     69     50     49
186     35     64     40      2
187     50     69     59     60
188     72     67     39     70
189      9     31     56     77
190     56     74      9     77
191     46     40     14     74
192     29     25     26     74
193     23     25     29     74
194     23     30     27     74
195     27     30     26     74
196     33     46     11     74
197     26     30     29     74
198     29     30     23     74
148  1
0     21     59     54  0
1      1     18     76  0
2     17     75      1  0
3      0     61     34  0
4     62     34      1  0
5     58     31     20  0
6     39     72     33  0
7      5     44      7  0
8      7     41      5  0
9     28      6      8  0
10     63     34     12  0
11      2     64     34  0
12     50     49     54  0
13     53     48     52  0
14     33     32     39  0
15     39     32     31  0
16     25     24      3  0
17      4     24     23  0
18     23     24     25  0
19     42     15      9  0
20     11     14     43  0
21     65      8      6  0
22      0     18     61  0
23     16     62      1  0
24     44     28      7  0
25      7     28      8  0
26      9     10     26  0
27     26     10     27  0
28     10     11     27  0
29     52     66     51  0
30     66     52     48  0
31     50     67     49  0
32     50     51     67  0
33     13     22     21  0
34     64      2     22  0
35     22      2     16  0
36     11     43     27  0
37     23     43      4  0
38     43     14      4  0
39     12     20     19  0
40     19     63     12  0
41      0     19     18  0
42     26     42      9  0
43      3     15     42  0
44     25      3     42  0
45     36     24      4  0
46      4     35     36  0
47     35     75     17  0
48     17     36     35  0
49     37     36     17  0
50     76     18     37  0
51      3     24     36  0
52     36     37      3  0
53     37     38     15  0
54      3     37     15  0
55     18     19     38  0
56     18     38     37  0
57     19     20     38  0
58     38     20     45  0
59     15     45      9  0
60     38     45     15  0
61     45     31      9  0
62     20     31     45  0
63     56     10      9  0
64      9     31     56  0
65     55     10     32  0
66     55     32     33  0
67     33     21     46  0
68     33     46     11  0
69     46     40     14  0
70     14     11     46  0
71     40     21     22  0
72     21     40     46  0
73     16     40     22  0
74     16     35     40  0
75     14     35      4  0
76     40     35     14  0
77     23     25     29  0
78     25     42     29  0
79     29     42     26  0
80      8     30      7  0
81      8     29     30  0
82     26     30     29  0
83     41     43     23  0
84     12     53     20  0
85     52     57     53  0
86     71     51     39  0
87     58     57     52  0
88     59     60     50  0
89     51     70     39  0
90     54     13     21  0
91     53     12     68  0
92     12     34     68  0
93     47     48     34  0
94     49     47     34  0
95     69     34     13  0
96     13     54     69  0
97      6     23     65  0
98     27     30     26  0
99     41     23      6  0
100     41      6      5  0
101      5      6     28  0
102     28     44      5  0
103     41      7     43  0
104     27      7     30  0
105     43      7     27  0
106     55     33     11  0
107     55     11     10  0
108     31     32     56  0
109     32     10     56  0
110     20     57     58  0
111     20     53     57  0
112     58     52     73  0
113     31     58     73  0
114     39     70     72  0
115     54     59     50  0
116     21     60     59  0
117     60     21     33  0
118      1     61     18  0
119      1     34     61  0
120     62     16      2  0
121     34     62      2  0
122     19      0     63  0
123     34     63      0  0
124     13     64     22  0
125     34     64     13  0
126     29     65     23  0
127     65     29      8  0
128     66     48     47  0
129     47     51     66  0
130     67     51     47  0
131     67     47     49  0
132     68     34     48  0
133     68     48     53  0
134     54     49     69  0
135     69     49     34  0
136     50     60     72  0
137     50     70     51  0
138     73     52     71  0
139     51     71     52  0
140     50     72     70  0
141     72     60     33  0
142     73     71     39  0
143     31     73     39  0
144     35     16     75  0
145     75     16      1  0
146     17     76     37  0
147      1     76     17  0
